[
    {
        "cnn/loss": 139.63772583007812,
        "iteration": 10,
        "epoch": 0,
        "elapsed_time": 15.450208187103271,
        "cnn/loss_rec": 139.63772583007812
    },
    {
        "cnn/loss": 142.58428955078125,
        "iteration": 20,
        "epoch": 0,
        "elapsed_time": 29.72013521194458,
        "cnn/loss_rec": 142.58428955078125
    }
]